1	0.33660038767
2	0.108391171137
3	0.065669355343
4	0.0480053773526
5	0.034827737135
6	0.0289657975364
7	0.0231820171325
8	0.0192584255612
9	0.016413430876
10	0.0151628837616
11	0.0129275307947
12	0.0111455011568
13	0.0104420684049
14	0.00911336209592
15	0.00872256612268
16	0.00776902394798
17	0.0075189145251
18	0.00625273557181
19	0.00623710373288
20	0.00581504408179
21	0.00512724316889
22	0.00467391983993
23	0.00454886512849
24	0.00429875570562
25	0.00409554179954
26	0.00393922341024
27	0.00357969111486
28	0.00348590008129
29	0.00347026824236
30	0.00317326330269
31	0.0030169449134
32	0.0028606265241
33	0.00281373100732
34	0.00276683549053
35	0.00265741261802
36	0.0024854623898
37	0.00243856687301
38	0.00214156193335
39	0.00214156193335
40	0.00212593009442
41	0.00207903457763
42	0.00196961170512
43	0.00192271618833
44	0.00192271618833
45	0.00176639779904
46	0.00175076596011
47	0.00170387044332
48	0.0016413430876
49	0.00150065653724
50	0.00150065653724
51	0.00143812918152
52	0.00143812918152
53	0.00139123366473
54	0.00135996998687
55	0.00128181079222
56	0.00120365159757
57	0.00118801975864
58	0.001109860564
59	0.00107859688614
60	0.00104733320828
61	0.00103170136935
62	0.00100043769149
63	0.00100043769149
64	0.00098480585256
65	0.000969174013631
66	0.000969174013631
67	0.000953542174701
68	0.000922278496842
69	0.000922278496842
70	0.000891014818983
71	0.000875382980054
72	0.000859751141124
73	0.000844119302195
74	0.000828487463265
75	0.000828487463265
76	0.000750328268618
77	0.000734696429688
78	0.000719064590758
79	0.000719064590758
80	0.000703432751829
81	0.000703432751829
82	0.000687800912899
83	0.00067216907397
84	0.00067216907397
85	0.00065653723504
86	0.000640905396111
87	0.000640905396111
88	0.000625273557181
89	0.000609641718252
90	0.000594009879322
91	0.000594009879322
92	0.000594009879322
93	0.000578378040393
94	0.000562746201463
95	0.000562746201463
96	0.000547114362534
97	0.000547114362534
98	0.000547114362534
99	0.000547114362534
100	0.000531482523604
101	0.000531482523604
102	0.000515850684675
103	0.000515850684675
104	0.000500218845745
105	0.000500218845745
106	0.000484587006815
107	0.000484587006815
108	0.000468955167886
109	0.000468955167886
110	0.000453323328956
111	0.000453323328956
112	0.000437691490027
113	0.000437691490027
114	0.000422059651097
115	0.000422059651097
116	0.000422059651097
117	0.000422059651097
118	0.000422059651097
119	0.000406427812168
120	0.000406427812168
121	0.000406427812168
122	0.000406427812168
123	0.000375164134309
124	0.000375164134309
125	0.000359532295379
126	0.000359532295379
127	0.000359532295379
128	0.000359532295379
129	0.000359532295379
130	0.00034390045645
131	0.00034390045645
132	0.00034390045645
133	0.00034390045645
134	0.00034390045645
135	0.00034390045645
136	0.00034390045645
137	0.00032826861752
138	0.00032826861752
139	0.00032826861752
140	0.000312636778591
141	0.000312636778591
142	0.000312636778591
143	0.000312636778591
144	0.000312636778591
145	0.000297004939661
146	0.000297004939661
147	0.000297004939661
148	0.000297004939661
149	0.000297004939661
150	0.000281373100732
151	0.000281373100732
152	0.000281373100732
153	0.000281373100732
154	0.000281373100732
155	0.000281373100732
156	0.000265741261802
157	0.000250109422873
158	0.000250109422873
159	0.000250109422873
160	0.000250109422873
161	0.000250109422873
162	0.000250109422873
163	0.000250109422873
164	0.000234477583943
165	0.000234477583943
166	0.000234477583943
167	0.000234477583943
168	0.000234477583943
169	0.000234477583943
170	0.000218845745013
171	0.000218845745013
172	0.000218845745013
173	0.000218845745013
174	0.000218845745013
175	0.000218845745013
176	0.000218845745013
177	0.000218845745013
178	0.000218845745013
179	0.000218845745013
180	0.000218845745013
181	0.000218845745013
182	0.000218845745013
183	0.000218845745013
184	0.000203213906084
185	0.000203213906084
186	0.000203213906084
187	0.000203213906084
188	0.000203213906084
189	0.000203213906084
190	0.000203213906084
191	0.000203213906084
192	0.000203213906084
193	0.000203213906084
194	0.000203213906084
195	0.000203213906084
196	0.000203213906084
197	0.000203213906084
198	0.000203213906084
199	0.000187582067154
200	0.000187582067154
201	0.000187582067154
202	0.000187582067154
203	0.000187582067154
204	0.000187582067154
205	0.000187582067154
206	0.000187582067154
207	0.000187582067154
208	0.000187582067154
209	0.000171950228225
210	0.000171950228225
211	0.000171950228225
212	0.000171950228225
213	0.000171950228225
214	0.000171950228225
215	0.000171950228225
216	0.000171950228225
217	0.000171950228225
218	0.000171950228225
219	0.000156318389295
220	0.000156318389295
221	0.000156318389295
222	0.000156318389295
223	0.000156318389295
224	0.000156318389295
225	0.000156318389295
226	0.000156318389295
227	0.000156318389295
228	0.000156318389295
229	0.000156318389295
230	0.000156318389295
231	0.000140686550366
232	0.000140686550366
233	0.000140686550366
234	0.000140686550366
235	0.000140686550366
236	0.000140686550366
237	0.000140686550366
238	0.000140686550366
239	0.000140686550366
240	0.000140686550366
241	0.000140686550366
242	0.000140686550366
243	0.000140686550366
244	0.000140686550366
245	0.000140686550366
246	0.000140686550366
247	0.000140686550366
248	0.000140686550366
249	0.000125054711436
250	0.000125054711436
251	0.000125054711436
252	0.000125054711436
253	0.000125054711436
254	0.000125054711436
255	0.000125054711436
256	0.000125054711436
257	0.000125054711436
258	0.000125054711436
259	0.000125054711436
260	0.000125054711436
261	0.000125054711436
262	0.000125054711436
263	0.000125054711436
264	0.000125054711436
265	0.000125054711436
266	0.000125054711436
267	0.000109422872507
268	0.000109422872507
269	0.000109422872507
270	0.000109422872507
271	0.000109422872507
272	0.000109422872507
273	0.000109422872507
274	0.000109422872507
275	0.000109422872507
276	0.000109422872507
277	0.000109422872507
278	0.000109422872507
279	0.000109422872507
280	0.000109422872507
281	0.000109422872507
282	0.000109422872507
283	0.000109422872507
284	0.000109422872507
285	0.000109422872507
286	0.000109422872507
287	0.000109422872507
288	0.000109422872507
289	0.000109422872507
290	0.000109422872507
291	0.000109422872507
292	0.000109422872507
293	0.000109422872507
294	0.000109422872507
295	0.000109422872507
296	0.000109422872507
297	0.000109422872507
298	0.000109422872507
299	9.37910335772e-05
300	9.37910335772e-05
301	9.37910335772e-05
302	9.37910335772e-05
303	9.37910335772e-05
304	9.37910335772e-05
305	9.37910335772e-05
306	9.37910335772e-05
307	9.37910335772e-05
308	9.37910335772e-05
309	9.37910335772e-05
310	9.37910335772e-05
311	9.37910335772e-05
312	9.37910335772e-05
313	9.37910335772e-05
314	9.37910335772e-05
315	9.37910335772e-05
316	9.37910335772e-05
317	9.37910335772e-05
318	9.37910335772e-05
319	9.37910335772e-05
320	9.37910335772e-05
321	9.37910335772e-05
322	9.37910335772e-05
323	9.37910335772e-05
324	9.37910335772e-05
325	9.37910335772e-05
326	9.37910335772e-05
327	9.37910335772e-05
328	9.37910335772e-05
329	9.37910335772e-05
330	9.37910335772e-05
331	7.81591946477e-05
332	7.81591946477e-05
333	7.81591946477e-05
334	7.81591946477e-05
335	7.81591946477e-05
336	7.81591946477e-05
337	7.81591946477e-05
338	7.81591946477e-05
339	7.81591946477e-05
340	7.81591946477e-05
341	7.81591946477e-05
342	7.81591946477e-05
343	7.81591946477e-05
344	7.81591946477e-05
345	7.81591946477e-05
346	7.81591946477e-05
347	7.81591946477e-05
348	7.81591946477e-05
349	7.81591946477e-05
350	7.81591946477e-05
351	7.81591946477e-05
352	7.81591946477e-05
353	7.81591946477e-05
354	7.81591946477e-05
355	7.81591946477e-05
356	7.81591946477e-05
357	7.81591946477e-05
358	7.81591946477e-05
359	7.81591946477e-05
360	7.81591946477e-05
361	7.81591946477e-05
362	7.81591946477e-05
363	7.81591946477e-05
364	7.81591946477e-05
365	7.81591946477e-05
366	7.81591946477e-05
367	7.81591946477e-05
368	7.81591946477e-05
369	7.81591946477e-05
370	7.81591946477e-05
371	7.81591946477e-05
372	7.81591946477e-05
373	7.81591946477e-05
374	7.81591946477e-05
375	7.81591946477e-05
376	7.81591946477e-05
377	7.81591946477e-05
378	7.81591946477e-05
379	7.81591946477e-05
380	7.81591946477e-05
381	7.81591946477e-05
382	7.81591946477e-05
383	7.81591946477e-05
384	7.81591946477e-05
385	7.81591946477e-05
386	7.81591946477e-05
387	7.81591946477e-05
388	7.81591946477e-05
389	7.81591946477e-05
390	6.25273557181e-05
391	6.25273557181e-05
392	6.25273557181e-05
393	6.25273557181e-05
394	6.25273557181e-05
395	6.25273557181e-05
396	6.25273557181e-05
397	6.25273557181e-05
398	6.25273557181e-05
399	6.25273557181e-05
400	6.25273557181e-05
401	6.25273557181e-05
402	6.25273557181e-05
403	6.25273557181e-05
404	6.25273557181e-05
405	6.25273557181e-05
406	6.25273557181e-05
407	6.25273557181e-05
408	6.25273557181e-05
409	6.25273557181e-05
410	6.25273557181e-05
411	6.25273557181e-05
412	6.25273557181e-05
413	6.25273557181e-05
414	6.25273557181e-05
415	6.25273557181e-05
416	6.25273557181e-05
417	6.25273557181e-05
418	6.25273557181e-05
419	6.25273557181e-05
420	6.25273557181e-05
421	6.25273557181e-05
422	6.25273557181e-05
423	6.25273557181e-05
424	6.25273557181e-05
425	6.25273557181e-05
426	6.25273557181e-05
427	6.25273557181e-05
428	6.25273557181e-05
429	6.25273557181e-05
430	6.25273557181e-05
431	6.25273557181e-05
432	6.25273557181e-05
433	6.25273557181e-05
434	6.25273557181e-05
435	6.25273557181e-05
436	6.25273557181e-05
437	6.25273557181e-05
438	6.25273557181e-05
439	6.25273557181e-05
440	6.25273557181e-05
441	6.25273557181e-05
442	6.25273557181e-05
443	6.25273557181e-05
444	6.25273557181e-05
445	6.25273557181e-05
446	6.25273557181e-05
447	6.25273557181e-05
448	6.25273557181e-05
449	6.25273557181e-05
450	6.25273557181e-05
451	6.25273557181e-05
452	6.25273557181e-05
453	6.25273557181e-05
454	6.25273557181e-05
455	6.25273557181e-05
456	6.25273557181e-05
457	6.25273557181e-05
458	6.25273557181e-05
459	6.25273557181e-05
460	6.25273557181e-05
461	6.25273557181e-05
462	6.25273557181e-05
463	6.25273557181e-05
464	6.25273557181e-05
465	6.25273557181e-05
466	6.25273557181e-05
467	6.25273557181e-05
468	6.25273557181e-05
469	6.25273557181e-05
470	6.25273557181e-05
471	6.25273557181e-05
472	6.25273557181e-05
473	6.25273557181e-05
474	6.25273557181e-05
475	6.25273557181e-05
476	6.25273557181e-05
477	4.68955167886e-05
478	4.68955167886e-05
479	4.68955167886e-05
480	4.68955167886e-05
481	4.68955167886e-05
482	4.68955167886e-05
483	4.68955167886e-05
484	4.68955167886e-05
485	4.68955167886e-05
486	4.68955167886e-05
487	4.68955167886e-05
488	4.68955167886e-05
489	4.68955167886e-05
490	4.68955167886e-05
491	4.68955167886e-05
492	4.68955167886e-05
493	4.68955167886e-05
494	4.68955167886e-05
495	4.68955167886e-05
496	4.68955167886e-05
497	4.68955167886e-05
498	4.68955167886e-05
499	4.68955167886e-05
500	4.68955167886e-05
501	4.68955167886e-05
502	4.68955167886e-05
503	4.68955167886e-05
504	4.68955167886e-05
505	4.68955167886e-05
506	4.68955167886e-05
507	4.68955167886e-05
508	4.68955167886e-05
509	4.68955167886e-05
510	4.68955167886e-05
511	4.68955167886e-05
512	4.68955167886e-05
513	4.68955167886e-05
514	4.68955167886e-05
515	4.68955167886e-05
516	4.68955167886e-05
517	4.68955167886e-05
518	4.68955167886e-05
519	4.68955167886e-05
520	4.68955167886e-05
521	4.68955167886e-05
522	4.68955167886e-05
523	4.68955167886e-05
524	4.68955167886e-05
525	4.68955167886e-05
526	4.68955167886e-05
527	4.68955167886e-05
528	4.68955167886e-05
529	4.68955167886e-05
530	4.68955167886e-05
531	4.68955167886e-05
532	4.68955167886e-05
533	4.68955167886e-05
534	4.68955167886e-05
535	4.68955167886e-05
536	4.68955167886e-05
537	4.68955167886e-05
538	4.68955167886e-05
539	4.68955167886e-05
540	4.68955167886e-05
541	4.68955167886e-05
542	4.68955167886e-05
543	4.68955167886e-05
544	4.68955167886e-05
545	4.68955167886e-05
546	4.68955167886e-05
547	4.68955167886e-05
548	4.68955167886e-05
549	4.68955167886e-05
550	4.68955167886e-05
551	4.68955167886e-05
552	4.68955167886e-05
553	4.68955167886e-05
554	4.68955167886e-05
555	4.68955167886e-05
556	4.68955167886e-05
557	4.68955167886e-05
558	4.68955167886e-05
559	4.68955167886e-05
560	4.68955167886e-05
561	4.68955167886e-05
562	4.68955167886e-05
563	4.68955167886e-05
564	4.68955167886e-05
565	4.68955167886e-05
566	4.68955167886e-05
567	4.68955167886e-05
568	4.68955167886e-05
569	4.68955167886e-05
570	4.68955167886e-05
571	4.68955167886e-05
572	4.68955167886e-05
573	4.68955167886e-05
574	4.68955167886e-05
575	3.12636778591e-05
576	3.12636778591e-05
577	3.12636778591e-05
578	3.12636778591e-05
579	3.12636778591e-05
580	3.12636778591e-05
581	3.12636778591e-05
582	3.12636778591e-05
583	3.12636778591e-05
584	3.12636778591e-05
585	3.12636778591e-05
586	3.12636778591e-05
587	3.12636778591e-05
588	3.12636778591e-05
589	3.12636778591e-05
590	3.12636778591e-05
591	3.12636778591e-05
592	3.12636778591e-05
593	3.12636778591e-05
594	3.12636778591e-05
595	3.12636778591e-05
596	3.12636778591e-05
597	3.12636778591e-05
598	3.12636778591e-05
599	3.12636778591e-05
600	3.12636778591e-05
601	3.12636778591e-05
602	3.12636778591e-05
603	3.12636778591e-05
604	3.12636778591e-05
605	3.12636778591e-05
606	3.12636778591e-05
607	3.12636778591e-05
608	3.12636778591e-05
609	3.12636778591e-05
610	3.12636778591e-05
611	3.12636778591e-05
612	3.12636778591e-05
613	3.12636778591e-05
614	3.12636778591e-05
615	3.12636778591e-05
616	3.12636778591e-05
617	3.12636778591e-05
618	3.12636778591e-05
619	3.12636778591e-05
620	3.12636778591e-05
621	3.12636778591e-05
622	3.12636778591e-05
623	3.12636778591e-05
624	3.12636778591e-05
625	3.12636778591e-05
626	3.12636778591e-05
627	3.12636778591e-05
628	3.12636778591e-05
629	3.12636778591e-05
630	3.12636778591e-05
631	3.12636778591e-05
632	3.12636778591e-05
633	3.12636778591e-05
634	3.12636778591e-05
635	3.12636778591e-05
636	3.12636778591e-05
637	3.12636778591e-05
638	3.12636778591e-05
639	3.12636778591e-05
640	3.12636778591e-05
641	3.12636778591e-05
642	3.12636778591e-05
643	3.12636778591e-05
644	3.12636778591e-05
645	3.12636778591e-05
646	3.12636778591e-05
647	3.12636778591e-05
648	3.12636778591e-05
649	3.12636778591e-05
650	3.12636778591e-05
651	3.12636778591e-05
652	3.12636778591e-05
653	3.12636778591e-05
654	3.12636778591e-05
655	3.12636778591e-05
656	3.12636778591e-05
657	3.12636778591e-05
658	3.12636778591e-05
659	3.12636778591e-05
660	3.12636778591e-05
661	3.12636778591e-05
662	3.12636778591e-05
663	3.12636778591e-05
664	3.12636778591e-05
665	3.12636778591e-05
666	3.12636778591e-05
667	3.12636778591e-05
668	3.12636778591e-05
669	3.12636778591e-05
670	3.12636778591e-05
671	3.12636778591e-05
672	3.12636778591e-05
673	3.12636778591e-05
674	3.12636778591e-05
675	3.12636778591e-05
676	3.12636778591e-05
677	3.12636778591e-05
678	3.12636778591e-05
679	3.12636778591e-05
680	3.12636778591e-05
681	3.12636778591e-05
682	3.12636778591e-05
683	3.12636778591e-05
684	3.12636778591e-05
685	3.12636778591e-05
686	3.12636778591e-05
687	3.12636778591e-05
688	3.12636778591e-05
689	3.12636778591e-05
690	3.12636778591e-05
691	3.12636778591e-05
692	3.12636778591e-05
693	3.12636778591e-05
694	3.12636778591e-05
695	3.12636778591e-05
696	3.12636778591e-05
697	3.12636778591e-05
698	3.12636778591e-05
699	3.12636778591e-05
700	3.12636778591e-05
701	3.12636778591e-05
702	3.12636778591e-05
703	3.12636778591e-05
704	3.12636778591e-05
705	3.12636778591e-05
706	3.12636778591e-05
707	3.12636778591e-05
708	3.12636778591e-05
709	3.12636778591e-05
710	3.12636778591e-05
711	3.12636778591e-05
712	3.12636778591e-05
713	3.12636778591e-05
714	3.12636778591e-05
715	3.12636778591e-05
716	3.12636778591e-05
717	3.12636778591e-05
718	3.12636778591e-05
719	3.12636778591e-05
720	3.12636778591e-05
721	3.12636778591e-05
722	3.12636778591e-05
723	3.12636778591e-05
724	3.12636778591e-05
725	3.12636778591e-05
726	3.12636778591e-05
727	3.12636778591e-05
728	3.12636778591e-05
729	3.12636778591e-05
730	3.12636778591e-05
731	3.12636778591e-05
732	3.12636778591e-05
733	3.12636778591e-05
734	3.12636778591e-05
735	3.12636778591e-05
736	3.12636778591e-05
737	3.12636778591e-05
738	3.12636778591e-05
739	3.12636778591e-05
740	3.12636778591e-05
741	3.12636778591e-05
742	3.12636778591e-05
743	3.12636778591e-05
744	3.12636778591e-05
745	3.12636778591e-05
746	3.12636778591e-05
747	3.12636778591e-05
748	3.12636778591e-05
749	3.12636778591e-05
750	3.12636778591e-05
751	3.12636778591e-05
752	3.12636778591e-05
753	3.12636778591e-05
754	3.12636778591e-05
755	3.12636778591e-05
756	3.12636778591e-05
757	3.12636778591e-05
758	3.12636778591e-05
759	3.12636778591e-05
760	3.12636778591e-05
761	3.12636778591e-05
762	3.12636778591e-05
763	3.12636778591e-05
764	3.12636778591e-05
765	3.12636778591e-05
766	3.12636778591e-05
767	3.12636778591e-05
768	3.12636778591e-05
769	3.12636778591e-05
770	3.12636778591e-05
771	3.12636778591e-05
772	3.12636778591e-05
773	3.12636778591e-05
774	3.12636778591e-05
775	3.12636778591e-05
776	3.12636778591e-05
777	3.12636778591e-05
778	3.12636778591e-05
779	3.12636778591e-05
780	3.12636778591e-05
781	3.12636778591e-05
782	3.12636778591e-05
783	3.12636778591e-05
784	3.12636778591e-05
785	3.12636778591e-05
786	3.12636778591e-05
787	3.12636778591e-05
788	3.12636778591e-05
789	3.12636778591e-05
790	3.12636778591e-05
791	3.12636778591e-05
792	3.12636778591e-05
793	3.12636778591e-05
794	3.12636778591e-05
795	3.12636778591e-05
796	3.12636778591e-05
797	3.12636778591e-05
798	3.12636778591e-05
799	3.12636778591e-05
800	3.12636778591e-05
801	3.12636778591e-05
802	3.12636778591e-05
803	3.12636778591e-05
804	3.12636778591e-05
805	3.12636778591e-05
806	3.12636778591e-05
807	3.12636778591e-05
808	3.12636778591e-05
809	3.12636778591e-05
810	3.12636778591e-05
811	3.12636778591e-05
812	3.12636778591e-05
813	3.12636778591e-05
814	3.12636778591e-05
815	3.12636778591e-05
816	3.12636778591e-05
817	3.12636778591e-05
818	3.12636778591e-05
819	3.12636778591e-05
820	3.12636778591e-05
821	3.12636778591e-05
822	3.12636778591e-05
823	3.12636778591e-05
824	3.12636778591e-05
825	3.12636778591e-05
826	3.12636778591e-05
827	3.12636778591e-05
828	3.12636778591e-05
829	3.12636778591e-05
830	3.12636778591e-05
831	3.12636778591e-05
832	3.12636778591e-05
833	3.12636778591e-05
834	3.12636778591e-05
835	3.12636778591e-05
836	3.12636778591e-05
837	3.12636778591e-05
838	3.12636778591e-05
839	3.12636778591e-05
840	3.12636778591e-05
841	3.12636778591e-05
842	3.12636778591e-05
843	3.12636778591e-05
844	3.12636778591e-05
845	3.12636778591e-05
846	3.12636778591e-05
847	3.12636778591e-05
848	3.12636778591e-05
849	3.12636778591e-05
850	3.12636778591e-05
851	3.12636778591e-05
852	3.12636778591e-05
853	3.12636778591e-05
854	3.12636778591e-05
855	3.12636778591e-05
856	3.12636778591e-05
857	3.12636778591e-05
858	3.12636778591e-05
859	3.12636778591e-05
860	3.12636778591e-05
861	3.12636778591e-05
862	3.12636778591e-05
863	3.12636778591e-05
864	3.12636778591e-05
865	1.56318389295e-05
866	1.56318389295e-05
867	1.56318389295e-05
868	1.56318389295e-05
869	1.56318389295e-05
870	1.56318389295e-05
871	1.56318389295e-05
872	1.56318389295e-05
873	1.56318389295e-05
874	1.56318389295e-05
875	1.56318389295e-05
876	1.56318389295e-05
877	1.56318389295e-05
878	1.56318389295e-05
879	1.56318389295e-05
880	1.56318389295e-05
881	1.56318389295e-05
882	1.56318389295e-05
883	1.56318389295e-05
884	1.56318389295e-05
885	1.56318389295e-05
886	1.56318389295e-05
887	1.56318389295e-05
888	1.56318389295e-05
889	1.56318389295e-05
890	1.56318389295e-05
891	1.56318389295e-05
892	1.56318389295e-05
893	1.56318389295e-05
894	1.56318389295e-05
895	1.56318389295e-05
896	1.56318389295e-05
897	1.56318389295e-05
898	1.56318389295e-05
899	1.56318389295e-05
900	1.56318389295e-05
901	1.56318389295e-05
902	1.56318389295e-05
903	1.56318389295e-05
904	1.56318389295e-05
905	1.56318389295e-05
906	1.56318389295e-05
907	1.56318389295e-05
908	1.56318389295e-05
909	1.56318389295e-05
910	1.56318389295e-05
911	1.56318389295e-05
912	1.56318389295e-05
913	1.56318389295e-05
914	1.56318389295e-05
915	1.56318389295e-05
916	1.56318389295e-05
917	1.56318389295e-05
918	1.56318389295e-05
919	1.56318389295e-05
920	1.56318389295e-05
921	1.56318389295e-05
922	1.56318389295e-05
923	1.56318389295e-05
924	1.56318389295e-05
925	1.56318389295e-05
926	1.56318389295e-05
927	1.56318389295e-05
928	1.56318389295e-05
929	1.56318389295e-05
930	1.56318389295e-05
931	1.56318389295e-05
932	1.56318389295e-05
933	1.56318389295e-05
934	1.56318389295e-05
935	1.56318389295e-05
936	1.56318389295e-05
937	1.56318389295e-05
938	1.56318389295e-05
939	1.56318389295e-05
940	1.56318389295e-05
941	1.56318389295e-05
942	1.56318389295e-05
943	1.56318389295e-05
944	1.56318389295e-05
945	1.56318389295e-05
946	1.56318389295e-05
947	1.56318389295e-05
948	1.56318389295e-05
949	1.56318389295e-05
950	1.56318389295e-05
951	1.56318389295e-05
952	1.56318389295e-05
953	1.56318389295e-05
954	1.56318389295e-05
955	1.56318389295e-05
956	1.56318389295e-05
957	1.56318389295e-05
958	1.56318389295e-05
959	1.56318389295e-05
960	1.56318389295e-05
961	1.56318389295e-05
962	1.56318389295e-05
963	1.56318389295e-05
964	1.56318389295e-05
965	1.56318389295e-05
966	1.56318389295e-05
967	1.56318389295e-05
968	1.56318389295e-05
969	1.56318389295e-05
970	1.56318389295e-05
971	1.56318389295e-05
972	1.56318389295e-05
973	1.56318389295e-05
974	1.56318389295e-05
975	1.56318389295e-05
976	1.56318389295e-05
977	1.56318389295e-05
978	1.56318389295e-05
979	1.56318389295e-05
980	1.56318389295e-05
981	1.56318389295e-05
982	1.56318389295e-05
983	1.56318389295e-05
984	1.56318389295e-05
985	1.56318389295e-05
986	1.56318389295e-05
987	1.56318389295e-05
988	1.56318389295e-05
989	1.56318389295e-05
990	1.56318389295e-05
991	1.56318389295e-05
992	1.56318389295e-05
993	1.56318389295e-05
994	1.56318389295e-05
995	1.56318389295e-05
996	1.56318389295e-05
997	1.56318389295e-05
998	1.56318389295e-05
999	1.56318389295e-05
1000	1.56318389295e-05
1001	1.56318389295e-05
1002	1.56318389295e-05
1003	1.56318389295e-05
1004	1.56318389295e-05
1005	1.56318389295e-05
1006	1.56318389295e-05
1007	1.56318389295e-05
1008	1.56318389295e-05
1009	1.56318389295e-05
1010	1.56318389295e-05
1011	1.56318389295e-05
1012	1.56318389295e-05
1013	1.56318389295e-05
1014	1.56318389295e-05
1015	1.56318389295e-05
1016	1.56318389295e-05
1017	1.56318389295e-05
1018	1.56318389295e-05
1019	1.56318389295e-05
1020	1.56318389295e-05
1021	1.56318389295e-05
1022	1.56318389295e-05
1023	1.56318389295e-05
1024	1.56318389295e-05
1025	1.56318389295e-05
1026	1.56318389295e-05
1027	1.56318389295e-05
1028	1.56318389295e-05
1029	1.56318389295e-05
1030	1.56318389295e-05
1031	1.56318389295e-05
1032	1.56318389295e-05
1033	1.56318389295e-05
1034	1.56318389295e-05
1035	1.56318389295e-05
1036	1.56318389295e-05
1037	1.56318389295e-05
1038	1.56318389295e-05
1039	1.56318389295e-05
1040	1.56318389295e-05
1041	1.56318389295e-05
1042	1.56318389295e-05
1043	1.56318389295e-05
1044	1.56318389295e-05
1045	1.56318389295e-05
1046	1.56318389295e-05
1047	1.56318389295e-05
1048	1.56318389295e-05
1049	1.56318389295e-05
1050	1.56318389295e-05
1051	1.56318389295e-05
1052	1.56318389295e-05
1053	1.56318389295e-05
1054	1.56318389295e-05
1055	1.56318389295e-05
1056	1.56318389295e-05
1057	1.56318389295e-05
1058	1.56318389295e-05
1059	1.56318389295e-05
1060	1.56318389295e-05
1061	1.56318389295e-05
1062	1.56318389295e-05
1063	1.56318389295e-05
1064	1.56318389295e-05
1065	1.56318389295e-05
1066	1.56318389295e-05
1067	1.56318389295e-05
1068	1.56318389295e-05
1069	1.56318389295e-05
1070	1.56318389295e-05
1071	1.56318389295e-05
1072	1.56318389295e-05
1073	1.56318389295e-05
1074	1.56318389295e-05
1075	1.56318389295e-05
1076	1.56318389295e-05
1077	1.56318389295e-05
1078	1.56318389295e-05
1079	1.56318389295e-05
1080	1.56318389295e-05
1081	1.56318389295e-05
1082	1.56318389295e-05
1083	1.56318389295e-05
1084	1.56318389295e-05
1085	1.56318389295e-05
1086	1.56318389295e-05
1087	1.56318389295e-05
1088	1.56318389295e-05
1089	1.56318389295e-05
1090	1.56318389295e-05
1091	1.56318389295e-05
1092	1.56318389295e-05
1093	1.56318389295e-05
1094	1.56318389295e-05
1095	1.56318389295e-05
1096	1.56318389295e-05
1097	1.56318389295e-05
1098	1.56318389295e-05
1099	1.56318389295e-05
1100	1.56318389295e-05
1101	1.56318389295e-05
1102	1.56318389295e-05
1103	1.56318389295e-05
1104	1.56318389295e-05
1105	1.56318389295e-05
1106	1.56318389295e-05
1107	1.56318389295e-05
1108	1.56318389295e-05
1109	1.56318389295e-05
1110	1.56318389295e-05
1111	1.56318389295e-05
1112	1.56318389295e-05
1113	1.56318389295e-05
1114	1.56318389295e-05
1115	1.56318389295e-05
1116	1.56318389295e-05
1117	1.56318389295e-05
1118	1.56318389295e-05
1119	1.56318389295e-05
1120	1.56318389295e-05
1121	1.56318389295e-05
1122	1.56318389295e-05
1123	1.56318389295e-05
1124	1.56318389295e-05
1125	1.56318389295e-05
1126	1.56318389295e-05
1127	1.56318389295e-05
1128	1.56318389295e-05
1129	1.56318389295e-05
1130	1.56318389295e-05
1131	1.56318389295e-05
1132	1.56318389295e-05
1133	1.56318389295e-05
1134	1.56318389295e-05
1135	1.56318389295e-05
1136	1.56318389295e-05
1137	1.56318389295e-05
1138	1.56318389295e-05
1139	1.56318389295e-05
1140	1.56318389295e-05
1141	1.56318389295e-05
1142	1.56318389295e-05
1143	1.56318389295e-05
1144	1.56318389295e-05
1145	1.56318389295e-05
1146	1.56318389295e-05
1147	1.56318389295e-05
1148	1.56318389295e-05
1149	1.56318389295e-05
1150	1.56318389295e-05
1151	1.56318389295e-05
1152	1.56318389295e-05
1153	1.56318389295e-05
1154	1.56318389295e-05
1155	1.56318389295e-05
1156	1.56318389295e-05
1157	1.56318389295e-05
1158	1.56318389295e-05
1159	1.56318389295e-05
1160	1.56318389295e-05
1161	1.56318389295e-05
1162	1.56318389295e-05
1163	1.56318389295e-05
1164	1.56318389295e-05
1165	1.56318389295e-05
1166	1.56318389295e-05
1167	1.56318389295e-05
1168	1.56318389295e-05
1169	1.56318389295e-05
1170	1.56318389295e-05
1171	1.56318389295e-05
1172	1.56318389295e-05
1173	1.56318389295e-05
1174	1.56318389295e-05
1175	1.56318389295e-05
1176	1.56318389295e-05
1177	1.56318389295e-05
1178	1.56318389295e-05
1179	1.56318389295e-05
1180	1.56318389295e-05
1181	1.56318389295e-05
1182	1.56318389295e-05
1183	1.56318389295e-05
1184	1.56318389295e-05
1185	1.56318389295e-05
1186	1.56318389295e-05
1187	1.56318389295e-05
1188	1.56318389295e-05
1189	1.56318389295e-05
1190	1.56318389295e-05
1191	1.56318389295e-05
1192	1.56318389295e-05
1193	1.56318389295e-05
1194	1.56318389295e-05
1195	1.56318389295e-05
1196	1.56318389295e-05
1197	1.56318389295e-05
1198	1.56318389295e-05
1199	1.56318389295e-05
1200	1.56318389295e-05
1201	1.56318389295e-05
1202	1.56318389295e-05
1203	1.56318389295e-05
1204	1.56318389295e-05
1205	1.56318389295e-05
1206	1.56318389295e-05
1207	1.56318389295e-05
1208	1.56318389295e-05
1209	1.56318389295e-05
1210	1.56318389295e-05
1211	1.56318389295e-05
1212	1.56318389295e-05
1213	1.56318389295e-05
1214	1.56318389295e-05
1215	1.56318389295e-05
1216	1.56318389295e-05
1217	1.56318389295e-05
1218	1.56318389295e-05
1219	1.56318389295e-05
1220	1.56318389295e-05
1221	1.56318389295e-05
1222	1.56318389295e-05
1223	1.56318389295e-05
1224	1.56318389295e-05
1225	1.56318389295e-05
1226	1.56318389295e-05
1227	1.56318389295e-05
1228	1.56318389295e-05
1229	1.56318389295e-05
1230	1.56318389295e-05
1231	1.56318389295e-05
1232	1.56318389295e-05
1233	1.56318389295e-05
1234	1.56318389295e-05
1235	1.56318389295e-05
1236	1.56318389295e-05
1237	1.56318389295e-05
1238	1.56318389295e-05
1239	1.56318389295e-05
1240	1.56318389295e-05
1241	1.56318389295e-05
1242	1.56318389295e-05
1243	1.56318389295e-05
1244	1.56318389295e-05
1245	1.56318389295e-05
1246	1.56318389295e-05
1247	1.56318389295e-05
1248	1.56318389295e-05
1249	1.56318389295e-05
1250	1.56318389295e-05
1251	1.56318389295e-05
1252	1.56318389295e-05
1253	1.56318389295e-05
1254	1.56318389295e-05
1255	1.56318389295e-05
1256	1.56318389295e-05
1257	1.56318389295e-05
1258	1.56318389295e-05
1259	1.56318389295e-05
1260	1.56318389295e-05
1261	1.56318389295e-05
1262	1.56318389295e-05
1263	1.56318389295e-05
1264	1.56318389295e-05
1265	1.56318389295e-05
1266	1.56318389295e-05
1267	1.56318389295e-05
1268	1.56318389295e-05
1269	1.56318389295e-05
1270	1.56318389295e-05
1271	1.56318389295e-05
1272	1.56318389295e-05
1273	1.56318389295e-05
1274	1.56318389295e-05
1275	1.56318389295e-05
1276	1.56318389295e-05
1277	1.56318389295e-05
1278	1.56318389295e-05
1279	1.56318389295e-05
1280	1.56318389295e-05
1281	1.56318389295e-05
1282	1.56318389295e-05
1283	1.56318389295e-05
1284	1.56318389295e-05
1285	1.56318389295e-05
1286	1.56318389295e-05
1287	1.56318389295e-05
1288	1.56318389295e-05
1289	1.56318389295e-05
1290	1.56318389295e-05
1291	1.56318389295e-05
1292	1.56318389295e-05
1293	1.56318389295e-05
1294	1.56318389295e-05
1295	1.56318389295e-05
1296	1.56318389295e-05
1297	1.56318389295e-05
1298	1.56318389295e-05
1299	1.56318389295e-05
1300	1.56318389295e-05
1301	1.56318389295e-05
1302	1.56318389295e-05
1303	1.56318389295e-05
1304	1.56318389295e-05
1305	1.56318389295e-05
1306	1.56318389295e-05
1307	1.56318389295e-05
1308	1.56318389295e-05
1309	1.56318389295e-05
1310	1.56318389295e-05
1311	1.56318389295e-05
1312	1.56318389295e-05
1313	1.56318389295e-05
1314	1.56318389295e-05
1315	1.56318389295e-05
1316	1.56318389295e-05
1317	1.56318389295e-05
1318	1.56318389295e-05
1319	1.56318389295e-05
1320	1.56318389295e-05
1321	1.56318389295e-05
1322	1.56318389295e-05
1323	1.56318389295e-05
1324	1.56318389295e-05
1325	1.56318389295e-05
1326	1.56318389295e-05
1327	1.56318389295e-05
1328	1.56318389295e-05
1329	1.56318389295e-05
1330	1.56318389295e-05
1331	1.56318389295e-05
1332	1.56318389295e-05
1333	1.56318389295e-05
1334	1.56318389295e-05
1335	1.56318389295e-05
1336	1.56318389295e-05
1337	1.56318389295e-05
1338	1.56318389295e-05
1339	1.56318389295e-05
1340	1.56318389295e-05
1341	1.56318389295e-05
1342	1.56318389295e-05
1343	1.56318389295e-05
1344	1.56318389295e-05
1345	1.56318389295e-05
1346	1.56318389295e-05
1347	1.56318389295e-05
1348	1.56318389295e-05
1349	1.56318389295e-05
1350	1.56318389295e-05
1351	1.56318389295e-05
1352	1.56318389295e-05
1353	1.56318389295e-05
1354	1.56318389295e-05
1355	1.56318389295e-05
1356	1.56318389295e-05
1357	1.56318389295e-05
1358	1.56318389295e-05
1359	1.56318389295e-05
1360	1.56318389295e-05
1361	1.56318389295e-05
1362	1.56318389295e-05
1363	1.56318389295e-05
1364	1.56318389295e-05
1365	1.56318389295e-05
1366	1.56318389295e-05
1367	1.56318389295e-05
1368	1.56318389295e-05
1369	1.56318389295e-05
1370	1.56318389295e-05
1371	1.56318389295e-05
1372	1.56318389295e-05
1373	1.56318389295e-05
1374	1.56318389295e-05
1375	1.56318389295e-05
1376	1.56318389295e-05
1377	1.56318389295e-05
1378	1.56318389295e-05
1379	1.56318389295e-05
1380	1.56318389295e-05
1381	1.56318389295e-05
1382	1.56318389295e-05
1383	1.56318389295e-05
1384	1.56318389295e-05
1385	1.56318389295e-05
1386	1.56318389295e-05
1387	1.56318389295e-05
1388	1.56318389295e-05
1389	1.56318389295e-05
1390	1.56318389295e-05
1391	1.56318389295e-05
1392	1.56318389295e-05
1393	1.56318389295e-05
1394	1.56318389295e-05
1395	1.56318389295e-05
1396	1.56318389295e-05
1397	1.56318389295e-05
1398	1.56318389295e-05
1399	1.56318389295e-05
1400	1.56318389295e-05
1401	1.56318389295e-05
1402	1.56318389295e-05
1403	1.56318389295e-05
1404	1.56318389295e-05
1405	1.56318389295e-05
1406	1.56318389295e-05
1407	1.56318389295e-05
1408	1.56318389295e-05
1409	1.56318389295e-05
1410	1.56318389295e-05
1411	1.56318389295e-05
1412	1.56318389295e-05
1413	1.56318389295e-05
1414	1.56318389295e-05
1415	1.56318389295e-05
1416	1.56318389295e-05
1417	1.56318389295e-05
1418	1.56318389295e-05
1419	1.56318389295e-05
1420	1.56318389295e-05
1421	1.56318389295e-05
1422	1.56318389295e-05
1423	1.56318389295e-05
1424	1.56318389295e-05
1425	1.56318389295e-05
1426	1.56318389295e-05
1427	1.56318389295e-05
1428	1.56318389295e-05
1429	1.56318389295e-05
1430	1.56318389295e-05
1431	1.56318389295e-05
1432	1.56318389295e-05
1433	1.56318389295e-05
1434	1.56318389295e-05
1435	1.56318389295e-05
1436	1.56318389295e-05
1437	1.56318389295e-05
1438	1.56318389295e-05
1439	1.56318389295e-05
1440	1.56318389295e-05
1441	1.56318389295e-05
1442	1.56318389295e-05
1443	1.56318389295e-05
1444	1.56318389295e-05
1445	1.56318389295e-05
1446	1.56318389295e-05
1447	1.56318389295e-05
1448	1.56318389295e-05
1449	1.56318389295e-05
1450	1.56318389295e-05
1451	1.56318389295e-05
1452	1.56318389295e-05
1453	1.56318389295e-05
1454	1.56318389295e-05
1455	1.56318389295e-05
1456	1.56318389295e-05
1457	1.56318389295e-05
1458	1.56318389295e-05
1459	1.56318389295e-05
1460	1.56318389295e-05
1461	1.56318389295e-05
1462	1.56318389295e-05
1463	1.56318389295e-05
1464	1.56318389295e-05
1465	1.56318389295e-05
1466	1.56318389295e-05
1467	1.56318389295e-05
1468	1.56318389295e-05
1469	1.56318389295e-05
1470	1.56318389295e-05
1471	1.56318389295e-05
1472	1.56318389295e-05
1473	1.56318389295e-05
1474	1.56318389295e-05
1475	1.56318389295e-05
1476	1.56318389295e-05
1477	1.56318389295e-05
1478	1.56318389295e-05
1479	1.56318389295e-05
1480	1.56318389295e-05
1481	1.56318389295e-05
1482	1.56318389295e-05
1483	1.56318389295e-05
1484	1.56318389295e-05
1485	1.56318389295e-05
1486	1.56318389295e-05
1487	1.56318389295e-05
1488	1.56318389295e-05
1489	1.56318389295e-05
1490	1.56318389295e-05
1491	1.56318389295e-05
1492	1.56318389295e-05
1493	1.56318389295e-05
1494	1.56318389295e-05
1495	1.56318389295e-05
1496	1.56318389295e-05
1497	1.56318389295e-05
1498	1.56318389295e-05
1499	1.56318389295e-05
1500	1.56318389295e-05
1501	1.56318389295e-05
1502	1.56318389295e-05
1503	1.56318389295e-05
1504	1.56318389295e-05
1505	1.56318389295e-05
1506	1.56318389295e-05
1507	1.56318389295e-05
1508	1.56318389295e-05
1509	1.56318389295e-05
1510	1.56318389295e-05
1511	1.56318389295e-05
1512	1.56318389295e-05
1513	1.56318389295e-05
1514	1.56318389295e-05
1515	1.56318389295e-05
1516	1.56318389295e-05
1517	1.56318389295e-05
1518	1.56318389295e-05
1519	1.56318389295e-05
1520	1.56318389295e-05
1521	1.56318389295e-05
1522	1.56318389295e-05
1523	1.56318389295e-05
1524	1.56318389295e-05
1525	1.56318389295e-05
1526	1.56318389295e-05
1527	1.56318389295e-05
1528	1.56318389295e-05
1529	1.56318389295e-05
1530	1.56318389295e-05
1531	1.56318389295e-05
1532	1.56318389295e-05
1533	1.56318389295e-05
1534	1.56318389295e-05
1535	1.56318389295e-05
1536	1.56318389295e-05
1537	1.56318389295e-05
1538	1.56318389295e-05
1539	1.56318389295e-05
1540	1.56318389295e-05
1541	1.56318389295e-05
1542	1.56318389295e-05
1543	1.56318389295e-05
1544	1.56318389295e-05
1545	1.56318389295e-05
1546	1.56318389295e-05
1547	1.56318389295e-05
1548	1.56318389295e-05
1549	1.56318389295e-05
1550	1.56318389295e-05
1551	1.56318389295e-05
1552	1.56318389295e-05
1553	1.56318389295e-05
1554	1.56318389295e-05
1555	1.56318389295e-05
1556	1.56318389295e-05
1557	1.56318389295e-05
1558	1.56318389295e-05
1559	1.56318389295e-05
1560	1.56318389295e-05
1561	1.56318389295e-05
1562	1.56318389295e-05
1563	1.56318389295e-05
1564	1.56318389295e-05
1565	1.56318389295e-05
1566	1.56318389295e-05
1567	1.56318389295e-05
1568	1.56318389295e-05
1569	1.56318389295e-05
1570	1.56318389295e-05
1571	1.56318389295e-05
1572	1.56318389295e-05
1573	1.56318389295e-05
1574	1.56318389295e-05
1575	1.56318389295e-05
1576	1.56318389295e-05
1577	1.56318389295e-05
1578	1.56318389295e-05
1579	1.56318389295e-05
1580	1.56318389295e-05
1581	1.56318389295e-05
1582	1.56318389295e-05
1583	1.56318389295e-05
1584	1.56318389295e-05
1585	1.56318389295e-05
1586	1.56318389295e-05
1587	1.56318389295e-05
1588	1.56318389295e-05
1589	1.56318389295e-05
1590	1.56318389295e-05
1591	1.56318389295e-05
1592	1.56318389295e-05
1593	1.56318389295e-05
1594	1.56318389295e-05
1595	1.56318389295e-05
1596	1.56318389295e-05
1597	1.56318389295e-05
1598	1.56318389295e-05
1599	1.56318389295e-05
1600	1.56318389295e-05
1601	1.56318389295e-05
1602	1.56318389295e-05
1603	1.56318389295e-05
1604	1.56318389295e-05
1605	1.56318389295e-05
1606	1.56318389295e-05
1607	1.56318389295e-05
1608	1.56318389295e-05
1609	1.56318389295e-05
1610	1.56318389295e-05
1611	1.56318389295e-05
1612	1.56318389295e-05
1613	1.56318389295e-05
1614	1.56318389295e-05
1615	1.56318389295e-05
1616	1.56318389295e-05
1617	1.56318389295e-05
1618	1.56318389295e-05
1619	1.56318389295e-05
1620	1.56318389295e-05
1621	1.56318389295e-05
1622	1.56318389295e-05
1623	1.56318389295e-05
1624	1.56318389295e-05
1625	1.56318389295e-05
1626	1.56318389295e-05
1627	1.56318389295e-05
1628	1.56318389295e-05
1629	1.56318389295e-05
1630	1.56318389295e-05
1631	1.56318389295e-05
1632	1.56318389295e-05
1633	1.56318389295e-05
1634	1.56318389295e-05
1635	1.56318389295e-05
1636	1.56318389295e-05
1637	1.56318389295e-05
1638	1.56318389295e-05
1639	1.56318389295e-05
1640	1.56318389295e-05
1641	1.56318389295e-05
1642	1.56318389295e-05
1643	1.56318389295e-05
1644	1.56318389295e-05
1645	1.56318389295e-05
1646	1.56318389295e-05
1647	1.56318389295e-05
1648	1.56318389295e-05
1649	1.56318389295e-05
1650	1.56318389295e-05
1651	1.56318389295e-05
1652	1.56318389295e-05
1653	1.56318389295e-05
1654	1.56318389295e-05
1655	1.56318389295e-05
1656	1.56318389295e-05
1657	1.56318389295e-05
1658	1.56318389295e-05
1659	1.56318389295e-05
1660	1.56318389295e-05
1661	1.56318389295e-05
1662	1.56318389295e-05
1663	1.56318389295e-05
1664	1.56318389295e-05
1665	1.56318389295e-05
1666	1.56318389295e-05
1667	1.56318389295e-05
1668	1.56318389295e-05
1669	1.56318389295e-05
1670	1.56318389295e-05
1671	1.56318389295e-05
1672	1.56318389295e-05
1673	1.56318389295e-05
1674	1.56318389295e-05
1675	1.56318389295e-05
1676	1.56318389295e-05
1677	1.56318389295e-05
1678	1.56318389295e-05
1679	1.56318389295e-05
1680	1.56318389295e-05
1681	1.56318389295e-05
1682	1.56318389295e-05
1683	1.56318389295e-05
1684	1.56318389295e-05
1685	1.56318389295e-05
1686	1.56318389295e-05
1687	1.56318389295e-05
1688	1.56318389295e-05
1689	1.56318389295e-05
1690	1.56318389295e-05
1691	1.56318389295e-05
1692	1.56318389295e-05
1693	1.56318389295e-05
1694	1.56318389295e-05
1695	1.56318389295e-05
1696	1.56318389295e-05
1697	1.56318389295e-05
1698	1.56318389295e-05
1699	1.56318389295e-05
1700	1.56318389295e-05
1701	1.56318389295e-05
1702	1.56318389295e-05
1703	1.56318389295e-05
1704	1.56318389295e-05
1705	1.56318389295e-05
1706	1.56318389295e-05
1707	1.56318389295e-05
1708	1.56318389295e-05
1709	1.56318389295e-05
1710	1.56318389295e-05
1711	1.56318389295e-05
1712	1.56318389295e-05
1713	1.56318389295e-05
1714	1.56318389295e-05
1715	1.56318389295e-05
1716	1.56318389295e-05
1717	1.56318389295e-05
1718	1.56318389295e-05
1719	1.56318389295e-05
1720	1.56318389295e-05
1721	1.56318389295e-05
1722	1.56318389295e-05
1723	1.56318389295e-05
1724	1.56318389295e-05
1725	1.56318389295e-05
1726	1.56318389295e-05
1727	1.56318389295e-05
1728	1.56318389295e-05
1729	1.56318389295e-05
1730	1.56318389295e-05
1731	1.56318389295e-05
1732	1.56318389295e-05
1733	1.56318389295e-05
1734	1.56318389295e-05
1735	1.56318389295e-05
1736	1.56318389295e-05
1737	1.56318389295e-05
1738	1.56318389295e-05
1739	1.56318389295e-05
1740	1.56318389295e-05
1741	1.56318389295e-05
1742	1.56318389295e-05
1743	1.56318389295e-05
1744	1.56318389295e-05
1745	1.56318389295e-05
1746	1.56318389295e-05
1747	1.56318389295e-05
1748	1.56318389295e-05
1749	1.56318389295e-05
1750	1.56318389295e-05
1751	1.56318389295e-05
1752	1.56318389295e-05
1753	1.56318389295e-05
1754	1.56318389295e-05
1755	1.56318389295e-05
1756	1.56318389295e-05
1757	1.56318389295e-05
1758	1.56318389295e-05
1759	1.56318389295e-05
1760	1.56318389295e-05
1761	1.56318389295e-05
1762	1.56318389295e-05
1763	1.56318389295e-05
1764	1.56318389295e-05
1765	1.56318389295e-05
1766	1.56318389295e-05
1767	1.56318389295e-05
1768	1.56318389295e-05
1769	1.56318389295e-05
1770	1.56318389295e-05
1771	1.56318389295e-05
1772	1.56318389295e-05
1773	1.56318389295e-05
1774	1.56318389295e-05
1775	1.56318389295e-05
1776	1.56318389295e-05
1777	1.56318389295e-05
1778	1.56318389295e-05
1779	1.56318389295e-05
1780	1.56318389295e-05
1781	1.56318389295e-05
1782	1.56318389295e-05
1783	1.56318389295e-05
1784	1.56318389295e-05
1785	1.56318389295e-05
1786	1.56318389295e-05
1787	1.56318389295e-05
1788	1.56318389295e-05
1789	1.56318389295e-05
1790	1.56318389295e-05
1791	1.56318389295e-05
1792	1.56318389295e-05
1793	1.56318389295e-05
1794	1.56318389295e-05
1795	1.56318389295e-05
1796	1.56318389295e-05
1797	1.56318389295e-05
1798	1.56318389295e-05
1799	1.56318389295e-05
1800	1.56318389295e-05
1801	1.56318389295e-05
1802	1.56318389295e-05
1803	1.56318389295e-05
1804	1.56318389295e-05
1805	1.56318389295e-05
1806	1.56318389295e-05
1807	1.56318389295e-05
1808	1.56318389295e-05
1809	1.56318389295e-05
1810	1.56318389295e-05
1811	1.56318389295e-05
1812	1.56318389295e-05
1813	1.56318389295e-05
1814	1.56318389295e-05
1815	1.56318389295e-05
1816	1.56318389295e-05
1817	1.56318389295e-05
1818	1.56318389295e-05
1819	1.56318389295e-05
1820	1.56318389295e-05
1821	1.56318389295e-05
1822	1.56318389295e-05
1823	1.56318389295e-05
1824	1.56318389295e-05
1825	1.56318389295e-05
1826	1.56318389295e-05
1827	1.56318389295e-05
1828	1.56318389295e-05
1829	1.56318389295e-05
1830	1.56318389295e-05
1831	1.56318389295e-05
1832	1.56318389295e-05
1833	1.56318389295e-05
1834	1.56318389295e-05
1835	1.56318389295e-05
1836	1.56318389295e-05
1837	1.56318389295e-05
1838	1.56318389295e-05
1839	1.56318389295e-05
1840	1.56318389295e-05
1841	1.56318389295e-05
1842	1.56318389295e-05
1843	1.56318389295e-05
1844	1.56318389295e-05
1845	1.56318389295e-05
1846	1.56318389295e-05
1847	1.56318389295e-05
1848	1.56318389295e-05
1849	1.56318389295e-05
1850	1.56318389295e-05
1851	1.56318389295e-05
1852	1.56318389295e-05
1853	1.56318389295e-05
1854	1.56318389295e-05
1855	1.56318389295e-05
1856	1.56318389295e-05
1857	1.56318389295e-05
1858	1.56318389295e-05
1859	1.56318389295e-05
1860	1.56318389295e-05
1861	1.56318389295e-05
1862	1.56318389295e-05
1863	1.56318389295e-05
1864	1.56318389295e-05
1865	1.56318389295e-05
1866	1.56318389295e-05
1867	1.56318389295e-05
1868	1.56318389295e-05
1869	1.56318389295e-05
1870	1.56318389295e-05
1871	1.56318389295e-05
1872	1.56318389295e-05
1873	1.56318389295e-05
1874	1.56318389295e-05
1875	1.56318389295e-05
1876	1.56318389295e-05
1877	1.56318389295e-05
1878	1.56318389295e-05
1879	1.56318389295e-05
1880	1.56318389295e-05
1881	1.56318389295e-05
1882	1.56318389295e-05
1883	1.56318389295e-05
1884	1.56318389295e-05
1885	1.56318389295e-05
1886	1.56318389295e-05
1887	1.56318389295e-05
1888	1.56318389295e-05
1889	1.56318389295e-05
1890	1.56318389295e-05
1891	1.56318389295e-05
1892	1.56318389295e-05
1893	1.56318389295e-05
1894	1.56318389295e-05
1895	1.56318389295e-05
1896	1.56318389295e-05
1897	1.56318389295e-05
1898	1.56318389295e-05
1899	1.56318389295e-05
1900	1.56318389295e-05
1901	1.56318389295e-05
1902	1.56318389295e-05
1903	1.56318389295e-05
1904	1.56318389295e-05
1905	1.56318389295e-05
1906	1.56318389295e-05
1907	1.56318389295e-05
1908	1.56318389295e-05
1909	1.56318389295e-05
1910	1.56318389295e-05
1911	1.56318389295e-05
1912	1.56318389295e-05
1913	1.56318389295e-05
1914	1.56318389295e-05
1915	1.56318389295e-05
1916	1.56318389295e-05
1917	1.56318389295e-05
1918	1.56318389295e-05
1919	1.56318389295e-05
1920	1.56318389295e-05
1921	1.56318389295e-05
1922	1.56318389295e-05
1923	1.56318389295e-05
1924	1.56318389295e-05
1925	1.56318389295e-05
1926	1.56318389295e-05
1927	1.56318389295e-05
1928	1.56318389295e-05
1929	1.56318389295e-05
1930	1.56318389295e-05
1931	1.56318389295e-05
1932	1.56318389295e-05
1933	1.56318389295e-05
1934	1.56318389295e-05
1935	1.56318389295e-05
1936	1.56318389295e-05
1937	1.56318389295e-05
1938	1.56318389295e-05
1939	1.56318389295e-05
1940	1.56318389295e-05
1941	1.56318389295e-05
1942	1.56318389295e-05
1943	1.56318389295e-05
1944	1.56318389295e-05
1945	1.56318389295e-05
1946	1.56318389295e-05
1947	1.56318389295e-05
1948	1.56318389295e-05
1949	1.56318389295e-05
1950	1.56318389295e-05
1951	1.56318389295e-05
1952	1.56318389295e-05
1953	1.56318389295e-05
1954	1.56318389295e-05
1955	1.56318389295e-05
1956	1.56318389295e-05
1957	1.56318389295e-05
1958	1.56318389295e-05
1959	1.56318389295e-05
1960	1.56318389295e-05
1961	1.56318389295e-05
1962	1.56318389295e-05
1963	1.56318389295e-05
1964	1.56318389295e-05
1965	1.56318389295e-05
1966	1.56318389295e-05
1967	1.56318389295e-05
1968	1.56318389295e-05
1969	1.56318389295e-05
1970	1.56318389295e-05
1971	1.56318389295e-05
1972	1.56318389295e-05
1973	1.56318389295e-05
1974	1.56318389295e-05
1975	1.56318389295e-05
1976	1.56318389295e-05
1977	1.56318389295e-05
1978	1.56318389295e-05
1979	1.56318389295e-05
1980	1.56318389295e-05
1981	1.56318389295e-05
1982	1.56318389295e-05
1983	1.56318389295e-05
1984	1.56318389295e-05
1985	1.56318389295e-05
1986	1.56318389295e-05
1987	1.56318389295e-05
1988	1.56318389295e-05
1989	1.56318389295e-05
1990	1.56318389295e-05
1991	1.56318389295e-05
1992	1.56318389295e-05
1993	1.56318389295e-05
1994	1.56318389295e-05
1995	1.56318389295e-05
1996	1.56318389295e-05
1997	1.56318389295e-05
1998	1.56318389295e-05
1999	1.56318389295e-05
2000	1.56318389295e-05
2001	1.56318389295e-05
2002	1.56318389295e-05
2003	1.56318389295e-05
2004	1.56318389295e-05
2005	1.56318389295e-05
2006	1.56318389295e-05
2007	1.56318389295e-05
2008	1.56318389295e-05
2009	1.56318389295e-05
2010	1.56318389295e-05
2011	1.56318389295e-05
2012	1.56318389295e-05
2013	1.56318389295e-05
2014	1.56318389295e-05
2015	1.56318389295e-05
2016	1.56318389295e-05
2017	1.56318389295e-05
2018	1.56318389295e-05
2019	1.56318389295e-05
2020	1.56318389295e-05
2021	1.56318389295e-05
2022	1.56318389295e-05
2023	1.56318389295e-05
2024	1.56318389295e-05
2025	1.56318389295e-05
2026	1.56318389295e-05
2027	1.56318389295e-05
2028	1.56318389295e-05
2029	1.56318389295e-05
2030	1.56318389295e-05
2031	1.56318389295e-05
2032	1.56318389295e-05
2033	1.56318389295e-05
2034	1.56318389295e-05
2035	1.56318389295e-05
2036	1.56318389295e-05
2037	1.56318389295e-05
2038	1.56318389295e-05
2039	1.56318389295e-05
2040	1.56318389295e-05
2041	1.56318389295e-05
2042	1.56318389295e-05
2043	1.56318389295e-05
2044	1.56318389295e-05
2045	1.56318389295e-05
2046	1.56318389295e-05
2047	1.56318389295e-05
2048	1.56318389295e-05
2049	1.56318389295e-05
2050	1.56318389295e-05
2051	1.56318389295e-05
2052	1.56318389295e-05
2053	1.56318389295e-05
2054	1.56318389295e-05
2055	1.56318389295e-05
2056	1.56318389295e-05
2057	1.56318389295e-05
2058	1.56318389295e-05
2059	1.56318389295e-05
2060	1.56318389295e-05
2061	1.56318389295e-05
2062	1.56318389295e-05
2063	1.56318389295e-05
2064	1.56318389295e-05
2065	1.56318389295e-05
2066	1.56318389295e-05
2067	1.56318389295e-05
2068	1.56318389295e-05
2069	1.56318389295e-05
2070	1.56318389295e-05
2071	1.56318389295e-05
2072	1.56318389295e-05
2073	1.56318389295e-05
2074	1.56318389295e-05
2075	1.56318389295e-05
2076	1.56318389295e-05
2077	1.56318389295e-05
2078	1.56318389295e-05
2079	1.56318389295e-05
2080	1.56318389295e-05
2081	1.56318389295e-05
2082	1.56318389295e-05
2083	1.56318389295e-05
2084	1.56318389295e-05
2085	1.56318389295e-05
2086	1.56318389295e-05
2087	1.56318389295e-05
2088	1.56318389295e-05
2089	1.56318389295e-05
2090	1.56318389295e-05
2091	1.56318389295e-05
2092	1.56318389295e-05
2093	1.56318389295e-05
2094	1.56318389295e-05
2095	1.56318389295e-05
2096	1.56318389295e-05
2097	1.56318389295e-05
2098	1.56318389295e-05
2099	1.56318389295e-05
2100	1.56318389295e-05
2101	1.56318389295e-05
2102	1.56318389295e-05
2103	1.56318389295e-05
2104	1.56318389295e-05
2105	1.56318389295e-05
2106	1.56318389295e-05
2107	1.56318389295e-05
2108	1.56318389295e-05
2109	1.56318389295e-05
2110	1.56318389295e-05
2111	1.56318389295e-05
2112	1.56318389295e-05
2113	1.56318389295e-05
2114	1.56318389295e-05
2115	1.56318389295e-05
2116	1.56318389295e-05
2117	1.56318389295e-05
2118	1.56318389295e-05
2119	1.56318389295e-05
2120	1.56318389295e-05
2121	1.56318389295e-05
2122	1.56318389295e-05
2123	1.56318389295e-05
2124	1.56318389295e-05
2125	1.56318389295e-05
2126	1.56318389295e-05
2127	1.56318389295e-05
2128	1.56318389295e-05
2129	1.56318389295e-05
2130	1.56318389295e-05
2131	1.56318389295e-05
2132	1.56318389295e-05
2133	1.56318389295e-05
2134	1.56318389295e-05
2135	1.56318389295e-05
2136	1.56318389295e-05
2137	1.56318389295e-05
2138	1.56318389295e-05
2139	1.56318389295e-05
2140	1.56318389295e-05
2141	1.56318389295e-05
2142	1.56318389295e-05
2143	1.56318389295e-05
2144	1.56318389295e-05
2145	1.56318389295e-05
2146	1.56318389295e-05
2147	1.56318389295e-05
2148	1.56318389295e-05
2149	1.56318389295e-05
2150	1.56318389295e-05
2151	1.56318389295e-05
2152	1.56318389295e-05
2153	1.56318389295e-05
2154	1.56318389295e-05
2155	1.56318389295e-05
2156	1.56318389295e-05
2157	1.56318389295e-05
2158	1.56318389295e-05
2159	1.56318389295e-05
2160	1.56318389295e-05
2161	1.56318389295e-05
2162	1.56318389295e-05
2163	1.56318389295e-05
2164	1.56318389295e-05
2165	1.56318389295e-05
2166	1.56318389295e-05
2167	1.56318389295e-05
2168	1.56318389295e-05
2169	1.56318389295e-05
2170	1.56318389295e-05
2171	1.56318389295e-05
2172	1.56318389295e-05
2173	1.56318389295e-05
2174	1.56318389295e-05
2175	1.56318389295e-05
2176	1.56318389295e-05
2177	1.56318389295e-05
2178	1.56318389295e-05
2179	1.56318389295e-05
2180	1.56318389295e-05
2181	1.56318389295e-05
2182	1.56318389295e-05
2183	1.56318389295e-05
2184	1.56318389295e-05
2185	1.56318389295e-05
2186	1.56318389295e-05
2187	1.56318389295e-05
2188	1.56318389295e-05
2189	1.56318389295e-05
2190	1.56318389295e-05
2191	1.56318389295e-05
2192	1.56318389295e-05
2193	1.56318389295e-05
2194	1.56318389295e-05
2195	1.56318389295e-05
2196	1.56318389295e-05
2197	1.56318389295e-05
2198	1.56318389295e-05
2199	1.56318389295e-05
2200	1.56318389295e-05
2201	1.56318389295e-05
2202	1.56318389295e-05
2203	1.56318389295e-05
2204	1.56318389295e-05
2205	1.56318389295e-05
2206	1.56318389295e-05
2207	1.56318389295e-05
2208	1.56318389295e-05
2209	1.56318389295e-05
2210	1.56318389295e-05
2211	1.56318389295e-05
2212	1.56318389295e-05
2213	1.56318389295e-05
2214	1.56318389295e-05
2215	1.56318389295e-05
2216	1.56318389295e-05
2217	1.56318389295e-05
